0 0.21612349914236706 0.7528901734104047 0.030874785591766724 0.08959537572254335
0 0.34305317324185247 0.7471098265895953 0.0411663807890223 0.0838150289017341
0 0.36192109777015435 0.4479768786127168 0.03773584905660377 0.06936416184971098
0 0.395368782161235 0.6979768786127167 0.029159519725557463 0.07225433526011561
0 0.4142367066895369 0.6835260115606936 0.029159519725557463 0.07225433526011561
0 0.46397941680960547 0.4797687861271676 0.029159519725557463 0.06358381502890173
0 0.4974271012006861 0.703757225433526 0.030874785591766724 0.07225433526011561
0 0.5574614065180102 0.6921965317919075 0.017152658662092625 0.07225433526011561
0 0.7975986277873071 0.7326589595375722 0.0411663807890223 0.0838150289017341
0 0.23241852487135506 0.430635838150289 0.03945111492281304 0.06358381502890173
