0 0.47965571205007823 0.36221294363256784 0.02034428794992175 0.03966597077244259
0 0.39906103286384975 0.5469728601252609 0.012519561815336464 0.029227557411273485
0 0.37089201877934275 0.5542797494780793 0.01564945226917058 0.027139874739039668
0 0.3317683881064163 0.524008350730689 0.012519561815336464 0.029227557411273485
0 0.3059467918622848 0.5375782881002088 0.014084507042253521 0.022964509394572025
0 0.24100156494522693 0.4780793319415449 0.025039123630672927 0.029227557411273485
0 0.12910798122065728 0.3883089770354906 0.017214397496087636 0.029227557411273485
0 0.48826291079812206 0.5636743215031316 0.01564945226917058 0.029227557411273485
0 0.5312989045383412 0.5647181628392485 0.014084507042253521 0.027139874739039668
0 0.5618153364632238 0.6179540709812108 0.01564945226917058 0.025052192066805846
0 0.6071987480438185 0.6200417536534447 0.012519561815336464 0.025052192066805846
0 0.636150234741784 0.627348643006263 0.010954616588419406 0.03549060542797495
0 0.7175273865414711 0.6043841336116911 0.02034428794992175 0.027139874739039668
0 0.7574334898278561 0.6064718162839249 0.018779342723004695 0.022964509394572025
0 0.7668231611893583 0.6524008350730689 0.012519561815336464 0.027139874739039668
0 0.8129890453834115 0.6471816283924844 0.014084507042253521 0.029227557411273485
0 0.8818466353677621 0.6221294363256785 0.02034428794992175 0.033402922755741124
