0 0.10015649452269171 0.4498956158663883 0.02190923317683881 0.027139874739039668
0 0.20579029733959311 0.4144050104384134 0.026604068857589983 0.03549060542797495
0 0.3114241001564945 0.4123173277661795 0.03129890453834116 0.03966597077244259
0 0.43427230046948356 0.4081419624217119 0.03286384976525822 0.03966597077244259
0 0.5273865414710485 0.4759916492693111 0.03442879499217527 0.037578288100208766
0 0.6604068857589984 0.3674321503131524 0.03755868544600939 0.04592901878914405
0 0.7456964006259781 0.42484342379958245 0.026604068857589983 0.05219206680584551
0 0.8137715179968701 0.407098121085595 0.018779342723004695 0.025052192066805846
0 0.9272300469483568 0.40083507306889354 0.03912363067292645 0.04592901878914405
0 0.9647887323943662 0.3966597077244259 0.023474178403755867 0.037578288100208766
