0 0.08935546875 0.5 0.0361328125 0.05124450951683748
0 0.146484375 0.5285505124450952 0.02734375 0.04685212298682284
0 0.16259765625 0.5021961932650073 0.0341796875 0.0527086383601757
0 0.24755859375 0.4890190336749634 0.0341796875 0.0527086383601757
0 0.31103515625 0.575402635431918 0.0283203125 0.040995607613469986
0 0.3564453125 0.5673499267935578 0.033203125 0.03074670571010249
0 0.646484375 0.4363103953147877 0.029296875 0.043923865300146414
0 0.66796875 0.4267935578330893 0.033203125 0.0424597364568082
0 0.82568359375 0.4224011713030747 0.0205078125 0.03367496339677892
0 0.8349609375 0.4158125915080527 0.025390625 0.03513909224011713
