0 0.4818913480885312 0.73876953125 0.09456740442655935 0.0966796875
0 0.772635814889336 0.56103515625 0.052313883299798795 0.0908203125
0 0.045774647887323945 0.4951171875 0.043259557344064385 0.04296875
0 0.1619718309859155 0.50927734375 0.04627766599597585 0.0361328125
0 0.2530181086519115 0.4306640625 0.047283702213279676 0.0390625
0 0.34808853118712274 0.38818359375 0.052313883299798795 0.0576171875
0 0.45020120724346074 0.39404296875 0.03722334004024145 0.0283203125
0 0.721830985915493 0.39208984375 0.04929577464788732 0.0400390625
0 0.7676056338028169 0.40771484375 0.030181086519114688 0.0439453125
0 0.8677062374245473 0.4794921875 0.0613682092555332 0.05859375
