0 0.17333984375 0.7972181551976574 0.0146484375 0.036603221083455345
0 0.2353515625 0.8008784773060029 0.01953125 0.04685212298682284
0 0.33251953125 0.6932650073206442 0.0263671875 0.0424597364568082
0 0.376953125 0.7781844802342606 0.033203125 0.04538799414348463
0 0.58251953125 0.8067349926793558 0.0400390625 0.06442166910688141
0 0.64111328125 0.5739385065885798 0.0244140625 0.04685212298682284
0 0.54052734375 0.6332357247437774 0.0322265625 0.05710102489019034
0 0.80419921875 0.6610541727672035 0.0283203125 0.07174231332357248
0 0.2548828125 0.40922401171303074 0.017578125 0.03074670571010249
0 0.30419921875 0.4143484626647145 0.0185546875 0.032210834553440704
0 0.47802734375 0.49194729136163984 0.0302734375 0.04978038067349927
0 0.5244140625 0.6200585651537335 0.0234375 0.03953147877013177
0 0.53076171875 0.44143484626647145 0.0205078125 0.036603221083455345
0 0.623046875 0.22986822840409957 0.037109375 0.04978038067349927
