0 0.03142857142857143 0.7756696428571429 0.02857142857142857 0.046875
0 0.18142857142857144 0.7354910714285714 0.02 0.04241071428571429
0 0.24428571428571427 0.6283482142857143 0.037142857142857144 0.06473214285714286
0 0.3242857142857143 0.6595982142857143 0.025714285714285714 0.060267857142857144
0 0.45785714285714285 0.6618303571428571 0.032857142857142856 0.05580357142857143
0 0.49857142857142855 0.6350446428571429 0.02857142857142857 0.033482142857142856
0 0.5478571428571428 0.6953125 0.041428571428571426 0.05133928571428571
0 0.745 0.6863839285714286 0.027142857142857142 0.046875
0 0.7164285714285714 0.7544642857142857 0.03 0.05357142857142857
0 0.8071428571428572 0.6785714285714286 0.04285714285714286 0.06696428571428571
0 0.9392857142857143 0.6540178571428571 0.03571428571428571 0.07589285714285714
