0 0.14306640625 0.5211678832116788 0.0244140625 0.03795620437956204
0 0.181640625 0.48759124087591244 0.017578125 0.029197080291970802
0 0.19287109375 0.42700729927007297 0.0185546875 0.01897810218978102
0 0.20751953125 0.4029197080291971 0.0126953125 0.02335766423357664
0 0.28564453125 0.6116788321167883 0.0205078125 0.032116788321167884
0 0.3271484375 0.5474452554744526 0.0078125 0.017518248175182483
0 0.27490234375 0.3656934306569343 0.0107421875 0.016058394160583942
0 0.57080078125 0.5605839416058395 0.0205078125 0.035036496350364967
0 0.60595703125 0.57007299270073 0.0166015625 0.033576642335766425
0 0.6318359375 0.527007299270073 0.0078125 0.017518248175182483
0 0.70263671875 0.5408759124087591 0.0166015625 0.027737226277372264
0 0.78076171875 0.5145985401459854 0.0166015625 0.024817518248175182
0 0.908203125 0.5277372262773723 0.015625 0.027737226277372264
0 0.95556640625 0.5335766423357664 0.0087890625 0.027737226277372264
0 0.74658203125 0.5182481751824818 0.0068359375 0.017518248175182483
