0 0.14794921875 0.5673499267935578 0.0419921875 0.0746705710102489
0 0.1298828125 0.5344070278184481 0.05078125 0.06442166910688141
0 0.31640625 0.9033674963396779 0.044921875 0.07906295754026355
0 0.31787109375 0.8653001464128843 0.0615234375 0.09956076134699854
0 0.5751953125 0.8953147877013177 0.06640625 0.09809663250366032
0 0.58935546875 0.8689604685212299 0.0341796875 0.0629575402635432
0 0.66943359375 0.7518301610541728 0.0439453125 0.06881405563689605
0 0.68798828125 0.45095168374816985 0.0556640625 0.06442166910688141
0 0.8134765625 0.7437774524158126 0.0390625 0.043923865300146414
0 0.82373046875 0.7240117130307467 0.0439453125 0.06588579795021962
