0 0.148 0.36666666666666664 0.036 0.056
0 0.285 0.692 0.038 0.050666666666666665
0 0.334 0.7413333333333333 0.032 0.042666666666666665
0 0.644 0.4533333333333333 0.048 0.037333333333333336
0 0.428 0.2613333333333333 0.048 0.05333333333333334
0 0.518 0.22266666666666668 0.032 0.07733333333333334
0 0.623 0.228 0.038 0.04
0 0.561 0.288 0.034 0.064
0 0.738 0.21866666666666668 0.048 0.064
0 0.761 0.184 0.026 0.064
0 0.821 0.232 0.038 0.037333333333333336
0 0.946 0.5893333333333334 0.052 0.06933333333333333
0 0.961 0.656 0.054 0.058666666666666666
0 0.666 0.6573333333333333 0.048 0.088
0 0.411 0.54 0.05 0.06133333333333333
