0 0.04119547657512116 0.36515513126491644 0.024232633279483037 0.03341288782816229
0 0.09612277867528271 0.5704057279236276 0.014539579967689823 0.04295942720763723
0 0.2148626817447496 0.4701670644391408 0.01615508885298869 0.03818615751789976
0 0.2770597738287561 0.4701670644391408 0.011308562197092083 0.03818615751789976
0 0.35864297253634897 0.4797136038186158 0.01938610662358643 0.03818615751789976
0 0.3715670436187399 0.34009546539379476 0.029079159935379646 0.0405727923627685
0 0.5428109854604201 0.4606205250596659 0.022617124394184167 0.03341288782816229
0 0.6252019386106623 0.477326968973747 0.01615508885298869 0.03341288782816229
0 0.6453957996768982 0.46897374701670647 0.017770597738287562 0.021479713603818614
0 0.8239095315024233 0.5274463007159904 0.012924071082390954 0.03341288782816229
0 0.7681744749596123 0.43914081145584727 0.0210016155088853 0.03341288782816229
