0 0.2589984350547731 0.5741127348643006 0.023474178403755867 0.05010438413361169
0 0.2863849765258216 0.47390396659707723 0.03442879499217527 0.04175365344467641
0 0.36071987480438183 0.40501043841336115 0.023474178403755867 0.037578288100208766
0 0.37715179968701096 0.3966597077244259 0.018779342723004695 0.05010438413361169
0 0.4765258215962441 0.569937369519833 0.026604068857589983 0.04175365344467641
0 0.528169014084507 0.5490605427974948 0.014084507042253521 0.05010438413361169
0 0.5641627543035994 0.6075156576200418 0.023474178403755867 0.05010438413361169
0 0.6291079812206573 0.6033402922755741 0.028169014084507043 0.054279749478079335
0 0.6776212832550861 0.5688935281837161 0.018779342723004695 0.03966597077244259
0 0.770735524256651 0.569937369519833 0.02034428794992175 0.054279749478079335
0 0.9420970266040689 0.32254697286012524 0.03442879499217527 0.05219206680584551
