0 0.09002057613168725 0.5603780864197531 0.02726337448559671 0.04436728395061729
0 0.15946502057613168 0.9108796296296297 0.026234567901234566 0.07330246913580248
0 0.22492283950617284 0.8775077160493827 0.05169753086419753 0.04128086419753087
0 0.387988683127572 0.7417052469135802 0.03009259259259259 0.061342592592592594
0 0.5457818930041153 0.7484567901234568 0.03446502057613169 0.05169753086419753
0 0.717335390946502 0.8250385802469136 0.040123456790123455 0.08063271604938271
0 0.7736625514403292 0.550733024691358 0.04218106995884774 0.062114197530864196
0 0.8647119341563786 0.8439429012345679 0.04835390946502058 0.06520061728395062
0 0.7997685185185185 0.8595679012345679 0.04140946502057613 0.05709876543209876
0 0.3587962962962963 0.21489197530864199 0.030349794238683128 0.047839506172839504
0 0.4050925925925926 0.24498456790123457 0.03960905349794239 0.05632716049382716
0 0.6040380658436214 0.3618827160493827 0.030606995884773662 0.046296296296296294
0 0.3319187242798354 0.35050154320987653 0.029063786008230452 0.048996913580246916
0 0.7160493827160493 0.39525462962962965 0.03137860082304527 0.05439814814814815
