0 0.16259765625 0.4738605898123324 0.0322265625 0.054959785522788206
0 0.208984375 0.46648793565683644 0.0234375 0.045576407506702415
0 0.28369140625 0.4906166219839142 0.0400390625 0.06166219839142091
0 0.33935546875 0.589142091152815 0.0166015625 0.06300268096514745
0 0.33740234375 0.6387399463806971 0.0478515625 0.07104557640750671
0 0.43017578125 0.460455764075067 0.0537109375 0.06568364611260054
0 0.4150390625 0.5884718498659517 0.052734375 0.06970509383378017
0 0.37353515625 0.05227882037533512 0.0478515625 0.06970509383378017
0 0.62939453125 0.35455764075067026 0.0419921875 0.057640750670241284
0 0.6357421875 0.23458445040214476 0.048828125 0.064343163538874
0 0.69140625 0.12801608579088472 0.041015625 0.06300268096514745
0 0.68798828125 0.38605898123324395 0.0791015625 0.08579088471849866
0 0.84033203125 0.5690348525469169 0.0517578125 0.06032171581769437
0 0.77587890625 0.49664879356568364 0.0283203125 0.05227882037533512
0 0.8720703125 0.5301608579088471 0.033203125 0.054959785522788206
