0 0.15673828125 0.5490483162518301 0.0361328125 0.06149341142020498
0 0.22900390625 0.6083455344070278 0.0224609375 0.0424597364568082
0 0.29541015625 0.6178623718887262 0.0322265625 0.0527086383601757
0 0.330078125 0.431185944363104 0.044921875 0.07174231332357248
0 0.33984375 0.5556368960468521 0.021484375 0.03953147877013177
0 0.41162109375 0.6046852122986823 0.0263671875 0.055636896046852125
0 0.4697265625 0.3411420204978038 0.029296875 0.04685212298682284
0 0.5263671875 0.2020497803806735 0.01953125 0.03806734992679356
0 0.4248046875 0.7642752562225475 0.021484375 0.04685212298682284
0 0.50732421875 0.6434846266471449 0.0263671875 0.04538799414348463
0 0.517578125 0.3279648609077599 0.02734375 0.04685212298682284
0 0.595703125 0.3404099560761347 0.025390625 0.05710102489019034
0 0.57080078125 0.7569546120058566 0.0341796875 0.06442166910688141
0 0.64453125 0.7525622254758418 0.03125 0.06734992679355783
0 0.806640625 0.636896046852123 0.01953125 0.06734992679355783
0 0.89501953125 0.6390922401171303 0.0361328125 0.048316251830161056
