0 0.05625 0.5913705583756346 0.0225 0.03553299492385787
0 0.096875 0.6057529610829103 0.01625 0.043993231810490696
0 0.153125 0.6505922165820643 0.02875 0.038917089678511
0 0.40375 0.6116751269035533 0.025 0.032148900169204735
0 0.57 0.5169204737732657 0.02 0.028764805414551606
0 0.6425 0.5219966159052454 0.02 0.028764805414551606
0 0.68625 0.5211505922165821 0.01 0.02030456852791878
0 0.785 0.4873096446700508 0.0125 0.02707275803722504
0 0.805 0.5693739424703892 0.0175 0.032148900169204735
0 0.93125 0.5668358714043993 0.0225 0.0338409475465313
0 0.935625 0.8959390862944162 0.02625 0.03553299492385787
0 0.97 0.7258883248730964 0.0175 0.023688663282571912
0 0.953125 0.916243654822335 0.01875 0.032148900169204735
