0 0.25 0.478515625 0.0546875 0.05859375
0 0.1123046875 0.5162760416666666 0.052734375 0.06901041666666667
0 0.32275390625 0.6106770833333334 0.0380859375 0.07291666666666667
0 0.5517578125 0.4791666666666667 0.048828125 0.0546875
0 0.43994140625 0.9713541666666666 0.0732421875 0.057291666666666664
0 0.64501953125 0.9680989583333334 0.0595703125 0.06380208333333333
0 0.69580078125 0.96875 0.0576171875 0.0625
0 0.7958984375 0.94921875 0.046875 0.1015625
0 0.79736328125 0.37890625 0.0537109375 0.059895833333333336
0 0.7314453125 0.640625 0.029296875 0.07291666666666667
0 0.82275390625 0.4036458333333333 0.0673828125 0.09895833333333333
