0 0.1323529411764706 0.8733031674208145 0.04524886877828054 0.09954751131221719
0 0.2341628959276018 0.8721719457013575 0.038461538461538464 0.07918552036199095
0 0.2664027149321267 0.8665158371040724 0.03959276018099547 0.08597285067873303
0 0.3071266968325792 0.8518099547511312 0.032805429864253395 0.08823529411764706
0 0.32918552036199095 0.833710407239819 0.033936651583710405 0.07013574660633484
0 0.38800904977375567 0.8472850678733032 0.029411764705882353 0.07013574660633484
0 0.4004524886877828 0.8201357466063348 0.038461538461538464 0.083710407239819
0 0.4321266968325792 0.8223981900452488 0.029411764705882353 0.06108597285067873
0 0.4796380090497738 0.8552036199095022 0.024886877828054297 0.06787330316742081
0 0.5627828054298643 0.8438914027149321 0.026018099547511313 0.06334841628959276
0 0.5933257918552036 0.8416289592760181 0.023755656108597284 0.058823529411764705
0 0.6464932126696833 0.8280542986425339 0.032805429864253395 0.08144796380090498
0 0.6611990950226244 0.8042986425339367 0.03733031674208145 0.07013574660633484
0 0.7228506787330317 0.8020361990950227 0.029411764705882353 0.07013574660633484
0 0.7743212669683258 0.8110859728506787 0.03733031674208145 0.07918552036199095
0 0.8489819004524887 0.8088235294117647 0.03506787330316742 0.07918552036199095
0 0.9095022624434389 0.8212669683257918 0.024886877828054297 0.05429864253393665
0 0.9790723981900452 0.8382352941176471 0.03506787330316742 0.06108597285067873
0 0.031108597285067874 0.6119909502262444 0.026018099547511313 0.05656108597285068
