0 0.305 0.7558139534883721 0.054 0.0755813953488372
0 0.505 0.5901162790697675 0.058 0.06976744186046512
0 0.384 0.6468023255813954 0.056 0.07848837209302326
0 0.359 0.4316860465116279 0.054 0.07848837209302326
0 0.429 0.626453488372093 0.054 0.07267441860465117
0 0.441 0.7005813953488372 0.058 0.06976744186046512
0 0.712 0.8997093023255814 0.056 0.11918604651162791
0 0.757 0.8822674418604651 0.074 0.10755813953488372
0 0.583 0.45930232558139533 0.062 0.10465116279069768
0 0.653 0.6337209302325582 0.054 0.06976744186046512
