0 0.16 0.6229946524064172 0.064 0.11764705882352941
0 0.318 0.9144385026737968 0.08 0.0962566844919786
0 0.368 0.9157754010695187 0.044 0.08288770053475936
0 0.478 0.5481283422459893 0.064 0.0748663101604278
0 0.558 0.5280748663101604 0.056 0.08288770053475936
0 0.733 0.4959893048128342 0.046 0.06684491978609626
0 0.624 0.15641711229946523 0.044 0.07219251336898395
0 0.717 0.6537433155080213 0.074 0.08823529411764706
0 0.706 0.6617647058823529 0.08 0.09358288770053476
0 0.791 0.393048128342246 0.058 0.06951871657754011
