0 0.344 0.5045317220543807 0.056 0.08459214501510574
0 0.399 0.7054380664652568 0.09 0.1299093655589124
0 0.436 0.581570996978852 0.052 0.09969788519637462
0 0.297 0.5075528700906344 0.046 0.07250755287009064
0 0.255 0.41540785498489424 0.042 0.05740181268882175
0 0.293 0.3972809667673716 0.046 0.0755287009063444
0 0.529 0.42900302114803623 0.026 0.054380664652567974
0 0.792 0.5302114803625377 0.048 0.0755287009063444
0 0.841 0.46827794561933533 0.066 0.07250755287009064
0 0.788 0.41842900302114805 0.04 0.045317220543806644
0 0.973 0.6601208459214502 0.054 0.08761329305135952
0 0.974 0.7401812688821753 0.052 0.10876132930513595
